⠀⠀⠀⠀⠀⠀⠀⠀⠀⠀⠀⠀⠀⠀⠀⠀⠀⠀[38;2;145;138;219m⢀[38;2;141;138;223m⣀[38;2;136;139;228m⣤[38;2;131;140;233m⣶[38;2;125;140;238m⣾[38;2;121;141;242m⡿[0m
⠀⠀⠀⠀⠀⠀⠀⠀⠀⠀⠀⠀⠀⠀⠀[38;2;161;136;202m⣠[38;2;156;137;208m⣴[38;2;151;137;213m⣾[38;2;146;138;218m⣿[38;2;141;138;223m⣿[38;2;136;139;228m⣿[38;2;131;140;233m⣿[38;2;126;140;238m⣿[38;2;122;141;241m⠃[0m
⠀⠀⠀⠀⠀⠀⠀⠀⠀⠀⠀[38;2;186;130;160m⢀[38;2;181;131;169m⣠[38;2;175;133;180m⣶[38;2;168;134;191m⣿[38;2;162;136;202m⣿[38;2;156;137;208m⣿[38;2;151;137;213m⣿[38;2;146;138;218m⣿[38;2;141;138;223m⣿[38;2;136;139;228m⣿[38;2;131;140;233m⣿[38;2;127;140;236m⠃⠀[0m
⠀⠀[38;2;215;124;72m⢀[38;2;214;124;79m⣠[38;2;213;125;87m⣶[38;2;212;125;95m⠋⠀⠀[38;2;206;126;126m⢀[38;2;200;127;135m⣠[38;2;194;128;146m⣶[38;2;188;130;157m⣿[38;2;181;131;168m⣿[38;2;175;133;180m⣿[38;2;168;134;191m⣿[38;2;162;136;202m⣿[38;2;156;137;208m⣿[38;2;151;137;213m⣿[38;2;146;138;218m⣿[38;2;141;138;223m⣿[38;2;136;139;228m⣿[38;2;131;139;232m⠋⠀⠀[0m
[38;2;217;124;55m⠐[38;2;216;124;62m⠾[38;2;215;124;70m⣿[38;2;214;124;79m⣿[38;2;213;124;85m⠃⠀⠀⠀[38;2;207;125;123m⠉[38;2;201;127;134m⠉[38;2;194;128;146m⠉[38;2;188;130;157m⠛[38;2;181;131;169m⠻[38;2;175;133;180m⣿[38;2;168;134;191m⣿[38;2;162;136;202m⣿[38;2;156;137;208m⣿[38;2;151;137;213m⣿[38;2;146;138;218m⣿[38;2;141;138;223m⣿[38;2;137;139;226m⠃⠀⠀⠀[0m
⠀⠀[38;2;215;124;72m⠘[38;2;214;124;76m⠃⠀⠀⠀⠀⠀⠀⠀⠀⠀[38;2;173;133;183m⠈[38;2;168;135;191m⠻[38;2;162;136;202m⣿[38;2;156;137;208m⣿[38;2;151;137;213m⣿[38;2;146;138;217m⡿[38;2;142;138;221m⠃⠀⠀⠀⠀[0m
⠀⠀⠀⠀⠀⠀⠀⠀⠀⠀⠀⠀⠀⠀⠀[38;2;161;136;202m⢻[38;2;156;137;208m⣿[38;2;152;137;212m⡟[38;2;148;138;216m⠁⠀⠀⠀⠀⠀[0m
⠀⠀⠀⠀⠀[38;2;211;125;96m⣀[38;2;210;125;105m⣤[38;2;209;125;114m⣶[38;2;207;125;123m⣿[38;2;201;127;134m⡿⠀⠀⠀⠀⠀[38;2;161;136;203m⣸[38;2;157;136;207m⠏⠀⠀⠀⠀⠀⠀⠀[0m
⠀⠀[38;2;215;124;72m⢀[38;2;214;124;79m⣴[38;2;213;125;87m⣿[38;2;212;125;96m⣿[38;2;210;125;105m⣿[38;2;209;125;114m⣿[38;2;207;125;123m⣿[38;2;203;126;131m⠃⠀⠀⠀⠀⠀⠀⠀⠀⠀⠀⠀⠀⠀⠀[0m
⠀⠀⠀⠀[38;2;212;125;90m⠈[38;2;211;125;97m⠻[38;2;210;125;105m⣿[38;2;209;125;114m⡿[38;2;208;125;120m⠃⠀⠀⠀⠀⠀[38;2;166;135;194m⢀[38;2;161;136;202m⣠[38;2;156;137;208m⣴[38;2;153;137;211m⡄⠀⠀⠀⠀⠀⠀[0m
⠀⠀⠀⠀⠀⠀[38;2;210;125;105m⠟[38;2;209;125;111m⠁⠀⠀⠀⠀⠀[38;2;175;133;180m⠶[38;2;168;134;191m⣿[38;2;162;136;202m⣿[38;2;157;137;207m⡿[38;2;153;137;211m⠁⠀⠀⠀⠀⠀⠀[0m
⠀⠀⠀⠀⠀⠀⠀⠀⠀⠀⠀⠀⠀⠀[38;2;166;135;194m⠘[38;2;162;136;201m⠟⠀⠀⠀⠀⠀⠀⠀⠀[0m
